37.166631
37.243236
37.243223
37.249097
37.249502
37.205282
37.231148
37.231362
37.168839
37.239224
37.241447
37.241491
37.138369
37.153777
37.154288
37.221149
37.227569
37.215933
37.228479
37.152285
37.223123
37.130791
37.132728
37.132767
37.129871
37.129897
37.222191
37.158239
37.232107
37.161753
37.226437
37.141294
37.130825
37.165299
37.228024
37.137221
37.207508
37.208615
37.2087
37.209029
37.12689
37.156456
37.127959
37.128002
37.220363
37.215745
37.133678
37.154658
37.236607
37.236532
37.242859
37.244986
37.24092
37.256079
37.212723
37.212404
37.23845
37.238521
37.236597
37.235817
37.235468
37.237772
37.237745
37.240425
37.240316
37.23919
37.239182
37.222349
37.222095
37.219641
37.217701
37.217677
37.219996
37.216734
37.120566
37.120562
37.122457
37.122425
37.12222
37.122194
37.225978
37.220679
37.144236
37.193584
37.19369
37.200092
37.201853
37.198867
37.20427
37.218513
37.218746
37.164044
37.162142
37.187459
37.220604
37.222231
37.200910
37.239246
37.239682
37.229946
37.222168
37.214182
37.226777
37.219402
37.234249
37.201973
37.202761
37.225128
37.224762
37.222868
37.225642
37.219539
37.250947
37.222127
37.223934
37.223823
37.236017
37.213344
37.212488
37.228778
37.240412
37.2391
37.240154
37.237994
37.238896
37.241881
37.241544
37.245936
37.246148
37.253103
37.229681
37.207154
37.207187
37.200187
37.220957
37.233908
37.233224
37.250089
37.158596
37.212522
37.212446
37.211887
37.2119
37.213009
37.211428
37.231014
37.221239
37.168901
37.169022
37.130776
37.131402
37.119146
37.119172
37.209751
37.209741
37.211449
37.211402
37.166088
37.16584
37.228532
37.151154
37.136519
37.136485
37.151973
37.1642
37.164198
37.225544
37.226416
37.224865
37.146814
37.148461
37.14774
37.234501
37.231537
37.224242
37.224049
37.245293
37.246028
37.24568
37.24689
37.243954
37.243803
37.249032
37.125045
37.125015
37.165299
37.204219
37.204087
37.201672
37.201627
37.201061
37.201199
37.224892
37.224596
37.231343
37.231545
37.225297
37.225423
37.233779
37.19713
37.196783
37.242331
37.24233
37.244859
37.245135
37.244209
37.243493
37.239229
37.23893
37.194196
37.194215
37.151302
37.215768
37.214812
37.150329
37.254235
37.137214
37.202647
37.199975
37.196072
37.196072
37.230113
37.130494
37.131558
37.130147
37.13019
37.134178
37.230411
37.130399
37.231813
37.231234
37.231766
37.231183
37.232611
37.232572
37.247417
37.169593
37.24227
37.241386
37.241053
37.242287
37.166678
37.136389
37.150744
37.160088
37.232628
37.229928
37.229797
37.165716
37.213164
37.216004
37.215727
37.214115
37.214133
37.217178
37.214459
37.225084
37.244984
37.245022
37.242007
37.241999
37.240274
37.239528
37.238043
37.238011
37.234817
37.234343
37.229662
37.237924
37.237198
37.242665
37.236291
37.235744
37.242927
37.243045
37.234258
37.234604
37.23416
37.229497
37.229613
37.128257
37.136182
37.136177
37.161584
37.226659
37.228826
37.252454
37.254781
37.226767