-80.441798
-80.416973
-80.416977
-80.412907
-80.412613
-80.408496
-80.416412
-80.416540
-80.419554
-80.398209
-80.399192
-80.399277
-80.412508
-80.431595
-80.432507
-80.427089
-80.412138
-80.400752
-80.422840
-80.428451
-80.419482
-80.40775
-80.420448
-80.420466
-80.419434
-80.419493
-80.419868
-80.423162
-80.422974
-80.444598
-80.425241
-80.404075
-80.414649
-80.417838
-80.419694
-80.372905
-80.393875
-80.396694
-80.396801
-80.396107
-80.370494
-80.421258
-80.408941
-80.408984
-80.425673
-80.400776
-80.37846
-80.430597
-80.426768
-80.426857
-80.414547
-80.412219
-80.416242
-80.411454
-80.393516
-80.393446
-80.404432
-80.404494
-80.407553
-80.408332
-80.40854
-80.405793
-80.406015
-80.400442
-80.400932
-80.403068
-80.402994
-80.423478
-80.448868
-80.44803
-80.448325
-80.448144
-80.448194
-80.453281
-80.415126
-80.415182
-80.417288
-80.417342
-80.411454
-80.41151
-80.422864
-80.426729
-80.423924
-80.400157
-80.40028
-80.407899
-80.409716
-80.405451
-80.410041
-80.419254
-80.419305
-80.419772
-80.420796
-80.410513
-80.425034
-80.423487
-80.405608
-80.416725
-80.418495
-80.414477
-80.406196
-80.40028
-80.411135
-80.402871
-80.419482
-80.399446
-80.399457
-80.409314
-80.409017
-80.406956
-80.409992
-80.403257
-80.411521
-80.406173
-80.408032
-80.408075
-80.421113
-80.400025
-80.400052
-80.413356
-80.418972
-80.419843
-80.419316
-80.420425
-80.420136
-80.41794
-80.418382
-80.414991
-80.415097
-80.410904
-80.414398
-80.39875
-80.399093
-80.40042
-80.404719
-80.419021
-80.418136
-80.412227
-80.434932
-80.395997
-80.395999
-80.39815
-80.398121
-80.394119
-80.399526
-80.421585
-80.422218
-80.437472
-80.440586
-80.407755
-80.393312
-80.413589
-80.413629
-80.395573
-80.395747
-80.393682
-80.39376
-80.428441
-80.445845
-80.419764
-80.414504
-80.413761
-80.413978
-80.412637
-80.429068
-80.429141
-80.436535
-80.437544
-80.436364
-80.425064
-80.416304
-80.42321
-80.435463
-80.422105
-80.430771
-80.430755
-80.412838
-80.414343
-80.422792
-80.416886
-80.427499
-80.428111
-80.416985
-80.409453
-80.409459
-80.417838
-80.412417
-80.412555
-80.41165
-80.41181
-80.4106
-80.410659
-80.446326
-80.447372
-80.434443
-80.434569
-80.445124
-80.445373
-80.422805
-80.4002
-80.400323
-80.422174
-80.422339
-80.421502
-80.421601
-80.421435
-80.421904
-80.422304
-80.422121
-80.397716
-80.397711
-80.424168
-80.41861
-80.418452
-80.414912
-80.409357
-80.396206
-80.405812
-80.405293
-80.403933
-80.40399
-80.412679
-80.397279
-80.393076
-80.402099
-80.402648
-80.384967
-80.412412
-80.397719
-80.410189
-80.411232
-80.410438
-80.411114
-80.409019
-80.409196
-80.417576
-80.444456
-80.432885
-80.434897
-80.43528
-80.433424
-80.425147
-80.369987
-80.428223
-80.435106
-80.424079
-80.418373
-80.419179
-80.436058
-80.444174
-80.445187
-80.450411
-80.4443
-80.44429
-80.448634
-80.45221
-80.416789
-80.424718
-80.425243
-80.427703
-80.427708
-80.427066
-80.427003
-80.426513
-80.426645
-80.425788
-80.425769
-80.420855
-80.435109
-80.434897
-80.430637
-80.434262
-80.434143
-80.4295
-80.429736
-80.434175
-80.433303
-80.433344
-80.437679
-80.437852
-80.410623
-80.414308
-80.414356
-80.425957
-80.421566
-80.427282
-80.41275
-80.413428
-80.425675