2214
1426
1417
1409
1429
1703
1111
1112
2206
1511
1510
1512
2105
2218
2223
1131
1601
1620
1101
2221
1124
2120
2147
2148
2145
2146
1129
2200
1133
2225
1102
2104
2108
2204
1109
2114
1641
1609
1634
1610
2115
2201
2134
2133
1122
1607
2121
2222
1301
1332
1405
1406
1404
1412
1613
1631
1507
1515
1505
1517
1504
1506
1516
1509
1513
1514
1508
1126
1214
1213
1220
1212
1219
1204
2141
2142
2143
2144
2138
2137
1107
1121
2130
1636
1647
1714
1715
1710
1706
1128
1127
2203
2202
1803
1132
1116
1717
1403
1402
1628
1605
1619
1626
1621
1422
1639
1643
1625
1603
1604
1602
1606
1410
1623
1624
1635
1421
1618
1608
1627
1424
1401
1419
1400
1420
1425
1418
1427
1416
1411
1600
1640
1642
1644
1622
1431
1423
9003
2217
1630
1615
1629
1616
1614
1617
1106
1123
2212
2213
2110
2100
2140
2139
1611
1633
1612
1632
1800
2216
1100
2303
2301
2302
2132
1801
2210
1130
1118
1119
2129
2128
2151
1335
1104
1120
1117
1407
1408
1325
1430
1323
1309
1414
2136
2135
2205
1709
1705
1708
1701
1702
1707
1215
1203
1218
1200
1216
1202
1334
1638
1645
1305
1328
1326
1307
1306
1327
1339
1340
1637
1646
2220
1704
1700
2112
9004
2101
1713
1716
1712
1711
1500
2118
2117
2111
2119
2116
1521
2131
1502
1520
1519
1501
1503
1518
1415
2215
1320
1311
1312
1319
2209
2113
2219
2224
1105
1113
1110
2211
1209
1211
1206
1210
1208
1207
1205
1125
1324
1308
1337
1338
1303
1330
1302
1331
1300
1333
1114
1318
1313
1321
1317
1314
1322
1310
1336
1316
1315
1217
1201
2109
2149
2150
1802
1108
1103
1428
1413
1115